Correlation Matrix
------------------
          Best of    Rank_1    Rank_2     Pts_1     Pts_2     Odd_1     Odd_2
Best of  1.000000 -0.033956 -0.034976  0.086336  0.082842  0.153716  0.150659
Rank_1  -0.033956  1.000000  0.061463 -0.361233 -0.088962  0.240451 -0.221126
Rank_2  -0.034976  0.061463  1.000000 -0.087082 -0.349244 -0.216996  0.225126
Pts_1    0.086336 -0.361233 -0.087082  1.000000  0.155980 -0.188885  0.587643
Pts_2    0.082842 -0.088962 -0.349244  0.155980  1.000000  0.579277 -0.194886
Odd_1    0.153716  0.240451 -0.216996 -0.188885  0.579277  1.000000 -0.284079
Odd_2    0.150659 -0.221126  0.225126  0.587643 -0.194886 -0.284079  1.000000