Correlation Matrix
------------------
          Best of    Rank_1    Rank_2     Pts_1     Pts_2     Odd_1     Odd_2
Best of  1.000000  0.034440  0.036274 -0.018927 -0.051145 -0.016683  0.005103
Rank_1   0.034440  1.000000 -0.003091 -0.430426 -0.041056  0.214287 -0.294793
Rank_2   0.036274 -0.003091  1.000000 -0.023476 -0.435203 -0.306298  0.251249
Pts_1   -0.018927 -0.430426 -0.023476  1.000000  0.068234 -0.221114  0.646151
Pts_2   -0.051145 -0.041056 -0.435203  0.068234  1.000000  0.633503 -0.231108
Odd_1   -0.016683  0.214287 -0.306298 -0.221114  0.633503  1.000000 -0.291276
Odd_2    0.005103 -0.294793  0.251249  0.646151 -0.231108 -0.291276  1.000000